-4.69967399
-5.6509253
-3.15117066
-3.68947705
-2.53251943
0.39088592
-0.8582606
-4.02047801
-2.75695802
-1.74658639
-5.78735429
-2.04149525
-0.80428183
-6.99509834
-2.72960072
-1.98105141
0.14633161
-2.90760392
-0.08176117
-0.85606646
0.96421951
-2.59255348
2.3974799
-2.71176703
1.23666434
0.85266183
-1.69646701
5.79369349
-2.82715609
6.09151516
-3.17143085
4.80846217
5.02108629
9.62852406
3.03013163
3.47625003
10.2496775
5.08918595
19.84406322
19.66889358
6.97247538
14.90070175
9.29373375
14.5044693
-5.49366209
12.29210784
-0.80112493
1.83876413
22.41381846
15.22050263
-3.59360468
18.56953471
12.57158309
7.86219442
21.77272822
4.67782171
19.99038555
22.43061661
15.186432
20.04583557
8.02877198
32.59524952
8.98357555
-13.00872862
2.2659087
23.85562202
-1.82716583
22.49663124
15.07834368
16.57979581
5.62476866
5.36566195
18.27204343
6.15406567
15.60176224
22.70390371
11.1439136
26.41463445
-4.51703998
17.50122071
-6.00752234
7.56839813
9.78070694
7.53891893
6.1088925
8.20182817
10.27889251
4.93837704
6.76962565
17.49914285
0.19419603
6.30638359
11.9790604
2.28763886
21.33286202
-4.67370568
16.75653259
18.21807887
17.75649148
13.01500483
27.50639277
-8.51781572
16.52533165
9.89737965
15.47223124
33.79658119
-12.43391131
20.29205438
30.31549556
-7.19884705
16.95967639
12.39561863
-2.10958726
23.44832185
27.03908321
17.28726634
25.8346833
13.81356481
2.42394266
24.98817103
32.87403574
10.80902486
13.62788693
10.56105042
7.54538174
21.87750662
28.19829364
12.42098757
20.19478423
14.91488342
17.0615701
14.93836634
12.53328477
11.12044519
-1.00324925
9.35055636
6.34535786
3.44333559
6.81159866
9.63380845
-8.82848315
-0.87720737
7.24101047
-2.82038023
7.97440495
-1.76706153
-3.28031799
2.33134314
-6.03565883
4.1597601
4.33802843
-4.67626328
-0.17868194
-2.01168287
-0.04361508
-4.60759596
-2.1291735
1.88262849
-4.01530902
-3.55945173
-1.59895221
-0.93818834
-1.41266978
-0.11224209
0.27273554
-2.49645384
-3.10518316
-2.53704823
-2.92803908
-0.0671321
-3.78517869
-1.47134651
