IMU-X,IMU-Y,IMU-Z, ADXL-X,ADXL-Y,ADXL-Z
5.84, 3.37, 10.60, 7.53, -2.98, -8.24
4.62, 1.31, 9.31, 6.98, -3.45, -8.71
5.14, 0.48, 7.41, 7.45, -3.45, -8.08
5.23, 1.12, 8.51, 7.85, -2.98, -6.98
5.13, 0.96, 8.47, 7.45, -3.22, -7.85
4.91, 1.45, 8.68, 7.37, -2.04, -7.92
4.91, 1.63, 9.11, 7.06, -1.10, -6.20
4.40, 2.25, 9.37, 6.12, -0.47, -6.12
4.51, 2.14, 9.39, 6.75, -1.41, -6.43
4.39, 1.59, 8.94, 6.59, -3.53, -7.53
4.67, 0.62, 8.40, 7.30, -4.08, -6.98
4.99, 0.29, 8.74, 7.22, -3.92, -7.30
4.85, 0.50, 9.07, 7.69, -3.22, -6.90
5.07, 0.33, 8.84, 7.53, -2.75, -6.59
4.81, 0.96, 8.54, 7.45, -1.26, -7.61
4.77, 1.33, 8.75, 7.22, 0.00, -7.85
4.50, 1.73, 9.25, 7.14, 0.00, -7.37
4.60, 1.70, 8.83, 7.92, -0.78, -8.32
4.85, 1.45, 8.25, 7.77, -1.26, -9.18
4.85, 1.34, 8.09, 8.00, -2.35, -7.92
5.19, 1.07, 8.80, 8.16, -2.67, -7.06
5.16, 1.00, 8.66, 7.77, -2.82, -7.85
5.32, 0.63, 8.37, 7.77, -2.04, -8.39
5.14, 0.94, 8.40, 7.45, -1.57, -8.16
4.94, 1.10, 8.56, 7.53, -0.31, -6.83
4.87, 1.27, 8.62, 7.53, -0.71, -7.45
5.34, 1.02, 8.50, 8.00, -2.28, -8.08
5.37, 0.55, 8.23, 8.16, -2.51, -9.49
5.65, 0.30, 8.26, 8.94, -2.51, -8.00
5.88, 0.45, 8.76, 8.16, -2.04, -7.53
5.69, 0.81, 8.96, 8.39, -2.20, -8.32
5.67, 0.90, 8.66, 8.71, -1.80, -8.08
5.47, 1.02, 8.60, 8.24, -1.18, -8.16
5.32, 1.29, 8.94, 7.85, -0.71, -7.45
5.25, 1.89, 9.29, 8.39, -0.63, -7.53
5.69, 1.25, 8.75, 8.47, -3.53, -8.39
5.78, 0.12, 7.86, 9.34, -4.08, -9.10
6.26, -0.61, 7.68, 9.26, -3.14, -8.71
6.18, 0.10, 8.29, 8.55, -3.14, -7.61
6.05, 0.64, 8.19, 8.94, -2.59, -8.24
6.03, 0.56, 8.20, 9.02, -2.28, -8.08
5.83, 0.83, 8.29, 8.87, -1.96, -7.92
5.55, 1.21, 8.79, 8.16, -0.94, -7.37
5.51, 1.77, 9.01, 8.24, -1.49, -7.61
5.61, 1.44, 8.95, 8.24, -2.82, -7.14
5.74, 0.99, 8.75, 11.38, -52.72, -20.87
-10.86, -4.01, -14.54, 5.81, -4.63, 13.42
9.92, -8.94, 15.55, -25.42, -57.58, -17.97
-0.63, -5.33, 5.96, 11.30, -25.11, -23.69
3.04, 11.09, 10.09, 7.85, -2.28, -8.55
5.51, 0.96, 5.35, 8.87, -2.12, -4.39
5.98, -0.52, 9.01, 6.75, 1.02, -1.49
5.73, 1.51, 10.39, 7.77, -0.71, -4.24
5.47, 1.37, 8.30, -4.08, -3.53, 8.39
-2.26, 0.53, 14.16, 39.85, 2.51, 6.12
-3.73, -3.15, -6.21, 18.51, 7.22, 60.49
-1.96, 3.92, -8.84, 7.77, -3.30, 0.55
5.18, 5.92, 16.04, 0.00, 0.24, -6.43
0.79, 5.08, 13.59, 4.47, -15.46, 8.55
4.50, 5.89, 5.66, 36.87, 6.20, -0.94
1.15, -3.84, -2.28, 5.96, 10.36, 43.31
6.23, -10.07, -9.14, 19.30, 1.41, 10.12
6.11, 1.24, -5.88, 19.46, 9.18, 13.96
0.50, 0.54, -2.90, 28.09, -18.51, -14.67
-2.68, -2.26, 0.81, 21.26, -17.02, -15.06
-0.42, 2.58, 7.60, 16.63, -14.44, -56.96
4.13, 12.44, 11.41, 14.83, -3.92, -15.93
7.26, 0.48, 6.17, 5.41, -2.12, -5.02
1.07, 4.33, 2.34, 6.20, -4.71, -20.87
6.26, -1.58, 10.30, 6.04, -7.61, -3.06
8.41, 0.62, 6.70, 9.34, -3.84, -1.41
13.13, 0.10, 5.89, 16.24, -8.24, -14.20
3.26, -3.46, 8.18, 5.81, -3.61, 2.51
5.23, 1.45, 6.90, 4.39, -1.65, -2.75
10.07, 1.58, 5.15, 11.14, -7.22, -20.08
3.34, 0.53, 9.12, 6.83, -3.37, -4.00
6.50, 3.59, 12.97, 5.57, -5.02, 4.94
7.35, -0.54, 2.50, 14.12, 3.69, -26.28
9.22, 14.49, 3.46, 40.17, -15.22, -5.02
2.03, 1.73, 6.18, 8.63, -7.37, 15.30
2.77, 9.64, -0.62, 5.02, -24.56, -82.85
9.06, -15.68, 22.75, -3.30, -2.59, 32.71
12.26, -7.33, -0.06, 16.24, 2.51, 7.69
14.63, -5.44, -1.22, 4.08, 6.67, -46.68
7.22, -4.13, 10.66, 34.28, 8.32, -50.68
-4.50, 9.18, 19.51, 57.35, -11.38, -67.94
7.10, 6.99, 18.57, 8.39, 16.08, -90.53
1.29, 9.70, -2.15, 56.72, 74.69, -20.24
-6.38, 23.94, -23.06, 43.93, 32.87, -56.33
-9.05, 51.01, 5.04, -51.94, 14.75, 27.62
18.27, 0.86, 5.18, -1.18, 41.74, -21.50
-2.30, 24.73, 44.44, 1.57, 36.56, -7.30
6.15, 24.69, 63.55, 8.39, 2.67, 47.46
4.60, 17.48, -23.33, 3.92, 13.89, 7.22
-15.63, 15.89, 11.46, 3.22, 10.36, -43.23
13.70, -8.78, 13.17, 53.03, 148.98, -155.57
-8.71, -14.53, 34.02, 0.47, 11.45, 8.87
10.41, -18.79, -4.74, -4.71, -59.00, 45.90
8.13, 6.34, -27.46, 22.75, 54.60, -60.49
3.99, 2.28, 20.55, -37.81, 5.10, 44.56
21.57, -31.85, -68.69, -23.22, -95.32, -26.75
-8.07, -31.96, 13.50, -0.31, -7.61, -58.53
6.11, -28.23, 9.29, 27.62, 36.64, -86.22
-2.23, 48.06, 6.85, -22.20, 19.53, 54.13
29.32, -13.63, 9.44, 74.06, 106.77, 112.50
4.21, -22.22, 15.95, 18.20, -18.91, -55.15
2.38, 6.25, 44.03, 29.42, 1.33, -156.83
2.31, 40.26, 51.24, -33.73, -48.01, -68.96
7.25, 7.39, -3.06, 22.36, -4.47, 22.28
4.39, 17.45, 39.80, 3.22, 6.90, 71.47
5.20, -9.64, 28.75, 33.73, -73.28, -2.90
-5.93, -1.00, -29.02, -10.36, -26.99, 65.51
17.32, -38.16, 15.53, -13.65, -53.90, -120.50
17.17, 50.00, 22.60, 3.69, -7.37, 4.00
10.20, 2.17, 12.71, -21.18, -23.93, 26.99
19.62, 5.21, -21.93, 11.92, -97.52, -12.24
-1.02, 14.58, 61.77, 16.55, -9.89, 2.59
-1.27, -0.14, 76.64, 13.81, 11.53, -58.37
4.25, -34.40, 20.08, -13.34, 13.10, 47.70
16.50, -9.62, -12.27, -81.91, -87.95, 47.15
19.19, 38.75, -83.47, 12.87, 6.98, -12.63
-2.88, 0.14, 4.48, -45.19, -15.06, 65.19
10.42, 16.07, 30.31, -4.55, -10.20, 135.72
8.12, -21.57, 0.58, 5.02, -7.92, 53.74
2.08, 5.22, -23.29, -6.35, 33.81, 11.53
-7.52, -12.66, 44.54, 44.17, -9.18, -92.50
14.93, -84.19, 31.48, 6.12, -6.98, -18.51
8.02, -36.87, 30.98, 16.40, 5.33, 84.73
5.07, 2.72, 12.20, 1.02, -25.97, -32.64
9.00, -25.12, 39.71, 20.24, -7.45, -6.43
12.88, 10.97, -5.84, 8.63, 5.57, 23.93
7.65, -1.66, 1.04, -2.35, 98.93, -83.24
-13.10, 20.31, 69.15, 77.43, 9.41, 160.59
3.43, 15.97, -46.46, 6.98, 74.77, 10.75
15.19, -27.31, 23.16, -15.61, 11.22, -1.80
-2.98, 38.06, 39.40, 40.72, -11.85, 35.77
14.35, -42.05, 5.89, -14.51, -34.13, 57.11
14.66, -20.49, 18.36, -10.36, -2.51, 45.97
2.80, 4.64, 23.68, -12.24, -7.92, -4.94
9.80, -0.56, -24.69, 1.18, 19.53, 7.22
-7.88, 35.20, -39.09, 2.20, -1.33, -67.16
-0.71, -15.25, -7.32, 5.33, -7.45, 26.83
-16.66, 7.66, 17.43, 25.97, 160.59, -103.87
-7.94, 40.78, 9.27, 24.87, 1.10, -22.44
-5.94, -18.08, -27.64, 31.62, 73.51, -126.47
-6.66, 48.93, 8.04, 10.90, 24.40, -64.25
-11.38, -15.61, -1.22, 23.77, -30.68, -33.58
5.67, -9.28, -21.13, 1.18, -30.20, 8.94
-7.59, 22.33, 28.93, -4.79, -1.26, 15.22
-8.65, -10.58, -0.32, 10.20, 3.06, 10.98
4.24, -8.12, -12.48, 4.94, 11.14, 25.89
7.31, -1.58, 51.42, 9.81, 2.28, 22.67
19.49, -2.67, 13.85, 34.52, -4.16, 46.37
-0.12, 42.90, 50.54, 8.39, -84.02, -99.48
-2.31, 16.85, 28.54, 68.96, 43.46, 45.03
-1.98, -0.29, 20.33, -5.57, -5.26, 24.79
1.44, 30.30, 107.55, 3.53, -47.70, -17.57
10.00, -10.69, 56.66, -16.08, 15.93, 4.86
30.45, -16.22, 21.54, -1.49, 30.60, 22.44
20.91, 3.07, -4.04, 16.32, 4.63, 9.26
19.50, 29.93, 51.50, 46.05, -96.18, -53.82
1.67, -34.15, 14.70, 90.06, -7.22, -77.75
11.71, -16.80, -16.00, -63.39, -28.01, -8.71
20.98, -3.96, -28.33, 13.96, 65.27, -129.68
4.17, -21.39, 34.37, -34.36, 15.14, 9.34
6.74, 17.90, 46.81, -56.80, 9.02, 1.26
-1.36, -3.40, 13.17, 50.45, 5.49, -32.64
24.74, 2.12, -27.33, 4.24, 15.69, 29.18
9.94, -13.71, -7.48, 20.79, 7.92, -29.97
4.07, -7.02, -36.53, 22.52, -22.36, 10.36
7.21, 9.00, -4.17, 134.94, 7.45, -160.67
-3.49, -0.03, 13.10, 8.00, 10.59, 5.96
7.86, 6.20, 14.14, 25.42, -45.50, 45.82
15.45, 17.71, -44.04, -0.71, 27.54, 1.26
9.67, 32.31, -0.73, -26.67, -9.57, 46.84
-2.50, -4.41, -14.84, 41.82, -84.89, 58.13
-0.49, -14.68, -2.04, -117.52, -55.47, 42.13
20.10, 8.96, -15.27, 3.77, -1.33, -120.43
-27.46, -13.51, 24.80, -7.45, 13.49, -160.67
-27.12, -4.23, 36.92, 15.22, 10.51, 13.81
6.91, -9.93, -0.92, -8.87, -32.17, -77.04
-16.48, -0.22, 89.05, -12.55, 39.15, -11.85
32.96, -12.82, 2.92, 3.14, -8.24, -24.16
23.99, 13.78, 25.71, 96.89, -76.81, -50.76
-26.85, -6.46, -15.10, 84.18, 15.69, 65.51
4.17, 0.54, -12.21, 10.67, 3.84, -4.47
18.15, -1.79, 30.21, -4.71, -13.10, -9.49
-4.34, -4.69, 9.03, 111.72, -107.95, -47.70
-16.39, 22.55, 7.00, -2.43, -17.57, -20.01
14.37, 1.52, 25.18, 23.54, -19.38, -33.81
-4.03, 9.06, 14.50, 26.91, -10.36, -23.38
-2.36, -4.62, 0.55, 21.97, 5.81, 3.77
9.72, -3.96, -22.07, 7.22, -6.43, -27.93
6.72, -4.61, 13.19, 13.89, -16.63, -24.95
4.31, 6.96, 16.37, 12.47, 2.35, -1.88
4.49, -1.49, 5.02, 5.57, 8.39, -4.24
4.64, 2.27, 7.79, 12.55, 14.91, 1.33
2.94, 5.91, 11.70, 11.38, 7.53, -9.34
7.35, -4.17, 3.39, 6.83, 0.08, -12.55
=
IMU-X,IMU-Y,IMU-Z, ADXL-X,ADXL-Y,ADXL-Z
14.43, 1.79, 4.81, 8.39, -5.65, -5.02
4.18, 3.27, 10.13, 7.61, -6.59, -5.57
5.44, 2.76, 7.36, 8.00, -5.18, -4.16
5.62, 3.46, 9.00, 7.92, -5.41, -3.45
5.65, 2.70, 8.40, 8.32, -6.75, -4.63
6.22, 2.60, 8.12, 9.10, -7.06, -4.79
6.73, 2.41, 7.87, 8.55, -6.98, -5.33
6.25, 2.90, 7.82, 8.87, -6.51, -4.94
6.33, 2.59, 7.84, 8.55, -5.65, -4.94
6.06, 2.67, 7.56, 8.39, -5.10, -4.16
5.91, 2.04, 7.65, 7.69, -4.71, -3.06
5.48, 1.82, 8.16, 8.00, -4.79, -3.06
5.83, 2.44, 8.70, 8.39, -6.04, -2.75
6.16, 2.03, 8.53, 8.87, -7.06, -3.84
6.48, 1.42, 8.74, 9.02, -7.45, -3.22
6.72, 1.33, 8.80, 9.41, -6.98, -3.77
6.64, 2.37, 8.17, 9.73, -5.33, -5.02
6.57, 3.32, 7.49, 9.26, -4.71, -6.20
6.50, 3.20, 7.29, -61.51, 69.12, 103.95
27.97, 53.73, -71.63, 8.08, 3.61, 33.58
-13.17, 6.54, 13.88, 31.70, 4.79, 62.13
10.00, -10.78, 18.71, 6.20, -2.82, -11.92
7.11, 7.03, 17.64, 12.79, -7.92, -12.55
5.81, 1.70, 5.31, 11.69, -9.41, -6.43
7.86, -0.88, 8.52, 7.85, -6.90, -1.41
5.90, 1.90, 8.26, 6.90, -2.51, 3.06
6.00, 4.65, 9.19, 7.22, -1.33, 0.08
5.48, 2.63, 7.99, 7.61, -4.08, -2.98
5.81, 2.70, 5.98, 24.63, -33.89, -19.61
4.81, 9.27, -6.16, 9.10, -5.88, -26.05
5.43, 2.67, 11.58, 4.39, -2.90, -6.20
7.34, 1.45, 1.19, 16.24, -27.22, -29.97
1.94, 6.12, 14.38, 16.63, 4.71, -45.11
3.44, 15.85, 5.74, 17.57, -8.63, 12.55
0.97, 6.22, 10.02, 1.02, 0.63, 17.18
6.61, -5.68, 0.43, 4.08, 5.10, 12.79
3.78, 2.32, 14.36, 2.43, -11.61, 12.24
3.17, 7.43, 31.51, 1.10, -8.00, -2.35
5.06, 12.55, 21.70, 4.39, -30.83, -136.19
4.27, -22.42, 22.49, 8.47, -2.98, -21.65
3.47, 6.66, -1.63, 14.67, 9.26, 29.18
4.44, -3.11, -9.66, 2.51, -2.04, 19.77
2.06, 3.07, 9.12, 2.51, -3.69, -40.25
11.44, -12.68, -1.04, 0.47, 18.99, 36.64
10.25, -9.25, -27.85, 16.24, 6.67, -16.32
15.98, -10.89, -12.26, 30.52, -40.40, 26.44
15.35, -19.82, 13.46, 6.98, 5.02, 18.99
9.58, -3.84, 3.92, 2.75, 10.28, 31.62
7.01, -16.06, -4.13, 11.14, -3.61, 7.77
1.10, 17.08, 25.02, -5.57, 14.44, 28.64
11.93, -0.91, 3.57, 1.88, 10.98, 35.77
9.62, -8.88, 16.87, 5.33, -24.79, 18.44
9.99, 8.30, 32.02, 3.06, 10.28, 16.95
19.38, 7.38, 4.46, 3.77, -2.67, 25.03
7.04, 9.56, 55.32, 10.90, 10.59, 44.40
-5.07, -8.16, 22.66, -86.53, 24.16, 45.90
11.12, -7.94, -56.37, -4.79, 15.61, 51.31
5.28, 20.17, -8.96, -4.86, -21.26, 43.15
8.12, -23.64, 8.48, 15.46, 20.48, 69.59
-0.55, 47.15, 34.82, -25.11, 27.30, 21.97
11.34, -26.05, 3.47, 3.06, -10.51, 27.54
23.85, 0.05, -27.07, -6.28, 15.46, -4.08
10.69, -6.94, 30.90, 0.63, -12.00, -25.11
11.18, 19.42, 43.79, -160.67, -7.22, -42.68
7.72, 15.55, 10.25, 13.02, 14.75, -2.82
1.16, 3.10, 59.13, 0.78, 14.36, 10.90
7.72, -7.44, -16.97, 10.59, 4.24, -37.11
-1.74, 16.37, 27.47, 1.10, -25.65, 71.47
19.31, -20.85, -1.79, 32.24, 91.87, -8.87
10.15, 59.71, -39.03, 27.85, 26.05, 38.76
14.17, -5.91, 6.56, -3.61, -32.17, -46.05
16.67, 33.07, 12.71, 14.59, -3.53, 8.00
12.83, -0.44, 4.49, -43.78, -101.05, 152.43
15.52, 17.17, -39.32, 2.90, -16.55, 47.23
7.12, -6.18, -10.87, 12.00, 6.28, -5.73
6.90, 11.01, -11.10, 14.83, 1.26, -9.89
7.71, -0.07, 0.13, 8.00, -6.20, 17.57
7.07, -0.07, 13.79, 30.13, 8.08, -160.67
16.55, -60.00, 26.81, -36.79, 78.85, 98.22
2.44, -36.51, -77.88, 6.98, 44.40, -107.48
6.03, -22.93, 20.46, 6.20, 29.81, 34.68
-2.39, 29.36, 23.23, 9.18, 0.00, 5.02
9.38, -3.70, 1.31, 8.94, -2.35, -1.80
30.83, -8.36, 9.40, -11.92, -22.99, 8.55
17.76, 17.90, 59.91, -74.69, 13.34, 71.08
5.49, 7.85, -14.11, -3.69, -18.99, 145.84
18.46, -3.98, -26.38, -21.10, 8.55, 26.28
8.81, -19.97, 6.91, -42.91, 60.17, -90.61
6.43, 63.07, -25.50, 28.56, -14.51, -20.08
14.05, -10.97, 6.25, -14.28, -25.73, -74.14
11.32, 1.53, -25.11, -29.81, -5.02, 39.46
13.19, -7.92, -10.52, 128.35, 9.57, 76.49
9.88, -3.07, -22.89, 16.32, 13.49, 45.19
6.49, -0.95, -8.43, -3.53, -28.09, -17.73
-7.13, -0.88, 13.00, 39.38, 31.30, -46.44
20.40, 32.54, 13.40, 24.16, 30.60, 9.26
11.06, 5.33, -16.71, -44.95, 43.38, 5.02
5.29, 32.26, 0.85, 2.12, 2.82, 22.28
10.86, 13.20, 20.03, 35.70, 12.71, 38.36
1.41, 21.32, -22.84, 10.36, -160.67, -139.10
-12.45, 23.31, 13.19, -4.00, -13.10, 41.50
16.93, -18.79, 12.68, 1.57, 3.22, 12.55
8.81, 1.72, 44.52, -4.39, -3.45, 4.71
0.22, 21.80, 54.39, 46.68, -31.30, 35.15
7.23, -14.98, -31.66, 15.38, 18.99, 27.85
14.46, -28.07, 8.80, 10.59, -26.83, 48.09
19.67, -19.37, 38.30, 17.42, -17.50, -1.33
4.02, 11.56, 11.04, 7.45, -28.79, -160.67
5.21, 13.11, 20.93, 9.49, -4.94, 10.28
1.94, 3.61, -20.62, 5.18, -13.89, 63.00
4.36, 1.80, 9.46, -8.32, 4.39, -52.41
8.57, 12.63, 73.37, 160.59, -71.08, -160.67
-19.17, 38.52, -49.42, 24.09, -0.78, -8.24
26.87, 2.96, 14.88, -74.30, 23.61, 54.52
8.97, -39.14, -3.56, 15.93, -9.10, -7.22
4.72, -20.42, -4.40, -21.97, -16.24, -53.27
15.52, 8.62, -10.50, -60.02, 13.65, 53.27
4.79, 12.77, -24.97, 16.87, 4.71, -43.93
9.17, -6.27, 12.61, -2.20, 37.58, -9.96
1.58, 20.48, 16.01, -21.34, -5.10, 40.32
3.64, -5.36, 19.51, 18.51, -23.22, -34.36
0.00, -30.45, 41.66, 27.85, 8.63, 41.03
19.04, -12.31, -8.12, 15.06, 2.43, 32.24
2.29, 2.38, -10.11, 9.73, -48.48, -34.83
0.68, -20.22, 23.08, 16.08, -4.08, 33.34
15.37, 4.87, -5.89, -30.52, 16.71, 58.60
11.92, -23.85, -7.58, 14.44, 19.53, -79.00
-5.03, 36.18, 55.09, -12.08, -46.44, -106.07
4.60, -31.19, 18.99, 25.65, -108.81, -160.67
5.48, 17.54, -7.15, -4.24, 19.14, 16.00
10.18, -17.11, -12.42, 23.77, 143.10, -79.24
10.78, 58.94, -10.42, 20.79, -17.57, 0.16
6.83, 0.37, 7.59, 6.28, -6.90, -37.89
11.43, -11.24, 33.23, 4.08, 24.48, -5.26
25.23, 2.45, 20.41, 18.91, -53.35, 18.75
10.16, 25.81, 12.75, 16.71, -56.02, 13.81
1.78, 21.25, -0.92, 3.14, 26.99, -77.04
4.13, -8.76, -35.26, 8.00, 6.67, -12.94
-14.00, 22.93, 21.72, 160.59, 42.91, 129.76
-6.44, 11.00, -54.35, 67.63, -49.35, -50.99
4.14, 38.84, -5.49, 81.75, -48.72, -48.88
-3.42, 34.96, 6.06, -10.90, -30.52, -45.03
3.47, 5.10, 49.17, 26.99, 20.08, 10.28
20.48, -10.06, 3.25, 3.45, 5.57, -160.67
11.13, -27.72, 15.09, 14.75, -7.61, 12.24
4.39, -23.29, -14.29, 15.69, 47.70, 0.78
0.03, -31.55, 8.31, 34.99, 26.44, 25.81
5.09, 13.10, -9.29, 35.23, -55.70, 4.71
3.99, 14.80, 0.93, 0.24, 9.34, 23.85
47.63, 0.77, 15.21, -25.18, -7.14, 18.44
34.43, -5.65, -17.72, 12.47, 4.94, 54.45
11.47, -7.40, 12.84, 36.09, -117.68, -45.19
-1.51, 12.52, -3.18, -14.98, 3.45, 18.83
10.03, -6.02, -33.47, -12.71, -3.22, -12.55
18.11, -20.51, -63.63, 50.99, 42.91, 73.35
-3.81, -1.36, 11.88, -6.43, 45.90, -10.43
-4.02, 16.37, 24.11, -22.67, 27.62, -9.57
-14.60, 14.18, -2.58, -4.31, 15.06, 13.02
2.97, -14.07, -18.71, -10.20, 2.82, 60.57
7.83, -5.83, 17.31, 160.59, 17.02, 69.59
-7.86, -7.26, -20.40, -82.38, 39.78, 43.62
16.97, 4.37, -14.34, 22.12, 1.10, 24.71
25.59, -6.57, -23.19, 7.69, 17.26, 29.81
7.77, 8.22, 9.16, 0.47, 6.51, -128.11
-9.33, 6.34, 47.99, 2.51, 14.91, -21.34
6.56, -2.28, 1.94, 5.73, -4.79, 0.39
10.06, 15.51, 44.99, 7.69, 11.61, 0.00
8.44, 18.74, 10.18, 7.53, 17.57, -5.02
6.19, 5.02, 8.27, 8.32, -6.51, -55.39
0.30, 2.59, 16.39, 7.77, -3.45, -8.32
9.20, 0.35, 13.58, 9.89, 4.63, -11.85
5.71, 0.97, 7.91, 8.16, 1.57, -10.67
5.72, 4.05, 8.22, 7.37, 1.80, -8.87
6.12, 2.94, 12.56, 9.49, 2.12, -7.06
8.51, 2.84, 9.28, 5.33, -3.37, -11.61
6.25, 1.08, 13.09, 10.83, -4.63, -11.61
9.43, 5.64, 2.53, 9.34, 6.90, -2.59
7.03, -0.54, 10.18, 10.36, 6.12, -9.26
7.51, 7.27, 6.65, 12.55, 9.41, -7.61
8.15, 3.95, 10.36, 8.47, 7.22, -8.55
=
IMU-X,IMU-Y,IMU-Z, ADXL-X,ADXL-Y,ADXL-Z
9.06, 4.24, 8.73, 8.94, -8.94, -5.88
5.03, 1.16, 8.72, 8.55, -8.55, -3.92
5.90, 2.15, 7.38, 7.85, -7.14, -4.08
5.83, 2.09, 8.84, 8.39, -6.35, -3.37
5.72, 2.74, 8.97, 8.00, -6.67, -4.71
5.79, 3.32, 8.55, 8.87, -6.04, -4.55
6.07, 2.86, 8.66, 8.16, -6.12, -4.55
5.63, 3.16, 8.06, 8.94, -6.67, -4.71
6.16, 2.82, 7.87, 9.18, -7.61, -5.73
6.12, 2.11, 7.47, 8.32, -8.55, -5.49
5.99, 1.24, 7.67, 9.02, -7.92, -4.39
5.98, 1.63, 8.09, 7.61, -6.67, -4.94
5.56, 1.90, 8.12, 8.47, -6.20, -4.71
5.61, 2.00, 8.21, 7.85, -5.33, -4.31
5.50, 2.54, 8.39, 8.08, -5.18, -5.41
5.87, 2.76, 8.54, 22.91, 153.77, -78.69
44.26, 1.89, -0.06, 32.87, -18.99, 45.82
-10.77, 6.16, 16.84, -21.10, -70.61, 11.92
9.74, 24.74, 13.60, 5.18, -2.43, -9.96
1.93, 12.95, 16.22, 15.61, -19.06, -0.71
5.45, 2.73, 7.20, 8.08, -10.51, -5.18
6.75, -3.03, 3.04, 10.28, -10.12, -3.06
6.57, -0.31, 5.99, 5.96, 2.43, 4.08
4.80, 6.48, 12.89, 5.02, 4.00, 2.51
4.88, 5.51, 8.48, 100.89, -3.06, -152.20
-5.02, 4.09, 10.48, 7.22, -7.53, -14.51
4.11, 7.23, 3.50, 7.22, -3.06, -1.57
5.90, -2.72, 14.99, 7.22, -11.45, -1.26
6.34, -0.80, 9.17, 6.43, -7.06, 2.43
8.09, 1.43, 3.38, 10.12, -4.79, -1.88
4.36, 2.56, 3.85, 7.45, -1.33, -94.85
1.60, -10.97, 16.61, 8.79, -7.53, -11.69
7.74, 1.16, 12.31, 4.79, -3.61, 2.59
5.99, 4.64, 9.99, 2.82, -2.82, 1.57
8.71, -3.55, -8.85, 5.57, -1.02, 12.47
7.23, -1.45, 9.42, 6.51, -4.63, 5.96
11.71, 5.40, 28.33, 6.98, -2.51, 9.41
9.32, 2.50, 1.94, 5.88, 13.18, -25.42
-0.94, 3.70, 6.12, 9.57, -21.65, -10.12
2.20, 12.19, -3.53, 7.53, -7.85, 12.47
3.93, 6.40, 17.34, 13.18, -8.16, 15.77
2.57, 1.83, 4.16, 31.30, -10.90, -29.66
-2.29, 34.31, 21.88, 6.59, 5.41, 16.24
3.69, -1.61, 9.00, 2.28, -9.10, 8.47
1.89, 9.48, 27.63, 6.98, -5.26, -17.97
2.81, -0.68, 28.25, 7.22, -31.30, 23.22
-3.66, 12.41, 6.43, 11.06, -1.10, 13.89
2.38, 3.33, -15.26, 20.55, -12.08, 22.59
5.19, 0.88, -7.79, -12.87, -11.69, 80.41
8.52, -2.59, -22.28, 21.42, -47.78, -129.92
1.81, -2.18, 33.59, -2.75, -7.37, -68.41
9.64, -12.44, 14.01, 20.95, -8.79, -1.26
18.51, -10.04, -12.52, -3.14, 6.51, 35.70
10.70, -11.69, 5.92, 11.30, -5.49, 33.66
10.00, 2.40, 18.42, 1.96, -16.63, 29.89
6.05, 7.74, 42.63, 5.02, -0.86, -33.42
-13.11, 4.88, -2.95, 29.97, -40.95, 45.27
11.86, -5.49, -26.66, -34.99, -46.13, 75.63
11.46, -25.20, -9.68, 21.42, -7.30, -86.61
17.55, -35.37, -13.73, 87.79, -36.25, 32.87
14.72, -14.37, -18.56, -0.39, -40.64, -27.77
1.14, 6.13, -35.53, 19.61, 10.67, 43.86
17.23, -17.22, -0.29, 147.73, -8.79, 15.61
3.88, 4.65, -13.57, 50.84, -36.25, -27.30
-4.57, 43.28, 7.76, -18.51, -66.53, -11.30
5.57, -7.21, -18.47, 33.73, -18.59, 5.57
15.96, 15.48, -6.87, 12.55, -20.32, 18.83
4.85, 7.06, 13.06, 15.06, -12.79, 20.48
7.93, 28.30, 30.15, -46.52, -29.11, 5.18
5.30, 5.72, -45.09, -29.42, 16.08, 13.57
14.31, -0.47, -6.26, -3.84, -5.57, 31.54
-2.71, 8.31, 15.24, 22.52, 0.47, -37.89
0.98, 12.12, 27.08, -18.91, -4.16, -59.00
11.84, 3.30, -16.28, 46.76, -37.81, 81.67
21.78, 0.65, 13.03, 10.51, 8.79, -13.89
11.17, -8.45, 4.24, -21.10, -11.14, -54.29
5.07, -37.11, -1.69, 22.20, 35.85, -10.04
9.57, 20.85, -9.96, -1.02, -11.30, 27.77
2.08, 20.71, 70.92, -61.04, -23.85, 39.54
10.20, -8.89, -58.14, 3.77, -8.24, 33.26
0.15, 1.46, 28.32, 5.33, 1.96, 37.03
9.67, -23.29, -25.54, -22.28, 55.47, 9.65
-2.37, 4.49, 14.62, -53.82, 24.71, 42.36
5.90, -33.78, -9.18, 7.30, -34.05, 26.05
3.20, 9.36, 12.24, 1.10, -29.73, 50.05
5.29, 2.79, 77.18, -3.84, -4.31, 26.44
-0.88, -17.91, 12.87, 5.73, 69.43, -160.67
9.55, 33.21, -37.99, 13.57, -6.43, -36.17
20.10, -4.91, 12.05, 92.89, 105.44, -75.63
3.91, 1.91, 11.80, -0.39, -26.05, 60.80
3.86, 36.37, -10.24, 11.14, 3.53, 50.68
6.96, 46.87, -22.42, -24.32, 5.41, 22.67
7.70, -15.32, 29.96, -18.28, 3.77, 47.62
6.07, -18.23, -10.91, -30.13, 9.02, 38.05
0.82, -14.29, 11.88, -13.96, 27.62, 45.58
5.31, 1.94, -2.46, 9.96, -31.54, 36.64
-4.49, 19.10, 6.10, 35.70, -5.02, 44.17
8.48, 0.00, 5.30, 2.82, 1.96, 9.02
3.81, 25.96, 56.56, -45.97, -22.05, -14.67
20.20, 1.19, -19.08, 32.48, 65.74, -93.59
2.91, -0.99, 51.18, 16.79, -24.56, 11.30
5.19, 17.99, 6.99, -8.08, -24.32, 38.52
7.28, -11.92, 5.51, 53.19, 46.76, -64.02
8.17, 11.84, -16.55, 1.49, 24.71, 19.14
15.75, 7.30, 15.84, -2.51, 11.77, -4.47
2.66, -13.06, -32.30, 2.82, -19.38, 28.95
13.54, -21.16, -21.00, -1.65, 12.24, 4.24
2.00, 31.33, 37.44, 28.95, -60.17, -160.67
1.59, 23.95, -4.99, 8.16, -9.10, -5.33
15.74, -2.98, 22.87, 40.25, -20.08, -66.45
3.45, 16.20, 22.78, -18.75, -12.08, 35.38
11.65, 3.19, -0.59, 7.85, 3.53, 24.40
-7.37, 1.97, 18.77, -98.30, 23.46, -33.34
3.85, -16.29, 8.79, 9.02, 29.11, -141.76
13.82, -26.60, 7.45, -1.02, 29.11, -4.47
11.12, -9.59, -1.39, -25.42, -34.05, 39.07
9.82, 15.60, 15.64, 23.14, -13.89, 28.87
13.74, 19.10, -7.17, 5.18, 12.08, -37.97
0.02, -1.69, 19.04, 36.09, -34.36, -64.72
21.03, 35.52, 31.36, 17.26, -17.42, 11.38
10.19, 5.46, 5.21, 3.77, 41.27, 44.64
9.33, 3.87, 16.66, 21.03, 45.19, -75.16
5.22, 4.49, 14.37, -66.14, -12.87, 35.30
17.13, 11.59, -36.82, 29.66, -2.98, 107.95
-2.16, 52.37, 37.38, -32.87, 47.54, 14.04
11.79, 6.26, 1.93, 66.45, 96.11, 4.94
22.96, -10.16, -3.60, 10.28, -12.63, 25.73
6.28, -0.91, 9.54, 31.62, 9.89, 36.09
-3.32, -20.34, 14.06, 26.75, -9.73, -105.21
1.95, -9.47, -19.50, 17.10, -63.70, -160.67
1.55, 6.49, 15.14, 23.54, 15.06, 52.88
4.13, -6.32, 30.80, -2.35, 8.47, 81.04
9.87, -2.41, -18.70, -49.58, 9.26, 15.46
11.75, -25.46, -8.89, 133.84, -7.61, 83.32
-8.25, 45.63, -1.28, -16.79, 29.73, 39.54
26.47, 12.73, -18.39, -33.26, 34.13, -29.42
19.83, -40.49, -11.94, -5.02, -9.73, 42.68
-2.86, 2.09, 19.15, -21.57, -11.69, 48.41
5.32, -11.45, 7.02, 160.59, -64.33, 160.59
17.18, 0.42, -42.93, -9.57, -15.22, 34.91
20.90, 4.89, -18.61, -5.33, 29.50, 81.28
11.66, -16.36, -6.62, -15.38, 77.20, 45.27
12.90, -17.05, -45.20, 22.12, -10.04, 15.61
-20.62, 28.97, 90.53, 5.02, -8.63, 4.47
34.12, 2.84, 8.35, 4.79, 16.71, 14.20
15.06, -5.48, 22.18, 160.59, 26.67, -5.88
0.92, 31.36, -36.52, 98.85, -19.69, 39.15
21.26, 18.46, 17.94, 54.92, 16.40, -3.14
17.64, -60.07, 47.98, -1.02, -5.73, 21.34
5.10, 0.47, 24.35, -2.75, -1.80, -11.53
-2.35, 17.39, 58.73, -2.04, 10.67, 43.23
13.37, -7.45, 24.90, 48.48, 30.52, -91.08
-3.34, -4.18, 66.10, 23.07, 84.42, -1.49
14.81, -29.05, -5.39, 40.87, 3.14, 49.43
5.42, 11.84, 5.11, 45.11, 21.73, 56.56
2.70, -3.20, 17.65, -33.81, 13.42, -6.04
1.32, -19.49, -35.50, 4.94, 30.52, 8.63
12.23, 7.02, 39.29, 160.59, -60.17, 38.99
3.68, 30.91, -31.80, -101.99, 80.65, 12.40
14.67, -7.37, -29.11, 17.34, -13.65, -33.34
-9.53, 51.23, 3.97, 33.97, 78.85, -160.67
-24.33, -39.08, 1.70, 6.35, -0.47, -5.65
6.75, 28.56, -10.07, 18.67, 18.36, 22.28
25.46, -14.14, -12.07, 43.23, 160.59, -78.85
-8.29, 23.46, -1.21, 51.62, -100.50, -160.67
-17.09, 10.40, 9.06, -2.82, -14.51, -14.75
9.92, 6.30, 73.94, 8.79, 21.18, -4.08
7.37, -6.54, -14.09, 0.00, 18.04, -9.18
13.52, -17.15, 1.05, 40.64, -78.53, -117.21
-17.96, 43.51, -28.13, 58.29, -45.19, -89.52
-21.46, 43.57, -15.09, -17.97, 24.40, 42.21
10.37, -25.41, -26.18, 10.36, 29.26, 14.51
-1.40, 12.11, 20.45, 8.87, 14.12, -17.34
20.73, -4.31, 44.55, 14.51, -9.41, -83.47
6.15, -1.75, -5.18, -19.77, -47.93, 46.37
2.50, -4.08, -13.90, 32.71, -86.93, -55.31
-3.47, 2.61, 17.17, 11.85, -89.91, -111.95
-2.82, 29.16, 22.47, 11.30, 12.87, -8.71
5.40, -3.97, -1.14, 7.37, -12.63, 5.18
9.35, 9.95, 17.08, 8.47, 6.51, 6.67
10.68, 3.06, 15.13, 6.90, 3.22, -7.37
6.87, 2.00, 7.31, 9.65, 5.33, 5.96
8.96, -7.91, 9.00, 9.65, 2.98, -6.04
7.62, 2.06, 3.86, 13.49, -1.65, -16.24
5.44, 2.07, 4.99, 9.18, 0.47, -6.04
6.28, 1.74, 9.70, 8.63, -1.10, -9.18
5.97, 0.30, 7.33, 9.26, 0.00, -6.67
6.51, -0.42, 6.93, 8.87, 0.08, -7.22
6.60, 2.74, 6.79, 8.79, 1.33, -7.45
6.59, 1.47, 7.46, 7.85, 0.55, -9.34
6.12, 2.90, 6.76, 8.79, -2.67, -16.24
6.14, 2.38, 11.05, 7.06, -0.86, -6.75
6.01, 1.77, 10.11, 9.73, -2.35, -10.04
6.57, -0.07, 9.56, 7.22, -2.51, -5.33
=
